311654.4410 5236653.0783
312626.5285 5237683.0822
313598.6165 5238713.0768
314570.7050 5239743.0622
315542.7940 5240773.0385
316514.8836 5241803.0057
317486.9737 5242832.9639
318459.0643 5243862.9131
319431.1554 5244892.8534
320403.2470 5245922.7847
321375.3392 5246952.7073
322347.4318 5247982.6210
323319.5250 5249012.5260
324291.6186 5250042.4223
325263.7128 5251072.3100
326235.8074 5252102.1890
327207.9026 5253132.0595
328179.9982 5254161.9215
329152.0943 5255191.7751
330124.1909 5256221.6202
331096.2880 5257251.4570
332068.3855 5258281.2854
333040.4836 5259311.1056
334012.5821 5260340.9176
334984.6811 5261370.7214
335956.7805 5262400.5171
336928.8804 5263430.3047
337900.9808 5264460.0843
338873.0816 5265489.8559
339845.1829 5266519.6196
340817.2846 5267549.3754
341789.3868 5268579.1234
342761.4895 5269608.8635
343733.5925 5270638.5960
344705.6961 5271668.3207
345677.8000 5272698.0378
346649.9044 5273727.7473
347622.0092 5274757.4493
348594.1145 5275787.1438
349566.2202 5276816.8308
350538.3263 5277846.5104
351510.4328 5278876.1826
352482.5398 5279905.8476
353454.6472 5280935.5053
354426.7550 5281965.1558
355398.8632 5282994.7991
356370.9718 5284024.4353
357343.0808 5285054.0644
358315.1902 5286083.6865
359287.3000 5287113.3016
360259.4102 5288142.9099
361231.5208 5289172.5112
362203.6318 5290202.1057
363175.7432 5291231.6934
364147.8550 5292261.2744
365119.9671 5293290.8487
366092.0797 5294320.4164
367064.1926 5295349.9775
368036.3059 5296379.5320
369008.4195 5297409.0801
369980.5336 5298438.6217
370952.6480 5299468.1569
371924.7627 5300497.6858
372896.8778 5301527.2083
373868.9933 5302556.7246
374841.1091 5303586.2347
375813.2253 5304615.7387
376785.3419 5305645.2365
377757.4588 5306674.7282
378729.5760 5307704.2140
379701.6936 5308733.6938
380673.8115 5309763.1676
381645.9297 5310792.6356
382618.0483 5311822.0978
383590.1672 5312851.5542
384562.2864 5313881.0049
385534.4060 5314910.4498
386506.5259 5315939.8892
387478.6461 5316969.3230
388450.7666 5317998.7512
389422.8874 5319028.1740
390395.0086 5320057.5913
391367.1300 5321087.0032
392339.2518 5322116.4097
393311.3738 5323145.8110
394283.4962 5324175.2070
395255.6189 5325204.5979
396227.7418 5326233.9835
397199.8650 5327263.3641
398171.9886 5328292.7396
399144.1124 5329322.1101
400116.2365 5330351.4756
401088.3609 5331380.8363
402060.4855 5332410.1920
403032.6105 5333439.5430
404004.7357 5334468.8891
404976.8612 5335498.2306
405948.9869 5336527.5673
406921.1129 5337556.8995
407893.2392 5338586.2270
408865.3657 5339615.5501
409837.4925 5340644.8686
410809.6196 5341674.1827
411781.7469 5342703.4925
412753.8744 5343732.7979
413726.0022 5344762.0989
414698.1302 5345791.3958
415670.2585 5346820.6885
416642.3870 5347849.9770
417614.5157 5348879.2614
418586.6447 5349908.5417
419558.7739 5350937.8181
420530.9033 5351967.0905
421503.0329 5352996.3589
422475.1628 5354025.6236
423447.2929 5355054.8844
424419.4232 5356084.1414
425391.5537 5357113.3947
426363.6844 5358142.6444
427335.8153 5359171.8904
428307.9465 5360201.1329
429280.0778 5361230.3718
430252.2093 5362259.6072
431224.3410 5363288.8393
432196.4730 5364318.0679
433168.6051 5365347.2932
434140.7374 5366376.5152
435112.8698 5367405.7340
436085.0025 5368434.9496
437057.1353 5369464.1620
438029.2684 5370493.3714
439001.4016 5371522.5777
439973.5349 5372551.7810
440945.6685 5373580.9813
441917.8022 5374610.1787
442889.9360 5375639.3733
443862.0700 5376668.5651
444834.2042 5377697.7541
445806.3385 5378726.9404
446778.4730 5379756.1240
447750.6077 5380785.3050
448722.7424 5381814.4835
449694.8774 5382843.6594
450667.0124 5383872.8329
451639.1476 5384902.0039
452611.2830 5385931.1725
453583.4184 5386960.3388
454555.5540 5387989.5029
455527.6898 5389018.6647
456499.8256 5390047.8243
457471.9616 5391076.9817
458444.0977 5392106.1371
459416.2339 5393135.2904
460388.3702 5394164.4418
461360.5067 5395193.5912
462332.6432 5396222.7386
463304.7799 5397251.8843
464276.9166 5398281.0281
465249.0535 5399310.1702
466221.1904 5400339.3105
467193.3274 5401368.4492
468165.4646 5402397.5863
469137.6018 5403426.7218
470109.7391 5404455.8559
471081.8765 5405484.9884
472054.0140 5406514.1195
473026.1515 5407543.2492
473998.2892 5408572.3776
474970.4269 5409601.5048
475942.5647 5410630.6307
476914.7025 5411659.7554
477886.8404 5412688.8790
478858.9784 5413718.0015
479831.1164 5414747.1229
480803.2545 5415776.2434
481775.3926 5416805.3629
482747.5308 5417834.4815
483719.6690 5418863.5993
484691.8073 5419892.7163
485663.9457 5420921.8325
486636.0840 5421950.9480
487608.2224 5422980.0629
488580.3609 5424009.1771
489552.4993 5425038.2908
490524.6378 5426067.4040
491496.7764 5427096.5167
492468.9149 5428125.6290
493441.0535 5429154.7409
494413.1921 5430183.8525
495385.3307 5431212.9638
496357.4693 5432242.0749
497329.6079 5433271.1858
498301.7465 5434300.2966
499273.8852 5435329.4073
500246.0238 5436358.5180
501218.1625 5437387.6287
502190.3011 5438416.7394
503162.4397 5439445.8503
504134.5784 5440474.9613
505106.7170 5441504.0725
506078.8556 5442533.1839
507050.9941 5443562.2957
508023.1327 5444591.4078
508995.2712 5445620.5203
509967.4098 5446649.6332
510939.5482 5447678.7466
511911.6867 5448707.8606
512883.8251 5449736.9751
513855.9635 5450766.0903
514828.1018 5451795.2062
515800.2401 5452824.3228
516772.3784 5453853.4402
517744.5166 5454882.5584
518716.6548 5455911.6774
519688.7929 5456940.7974
520660.9309 5457969.9184
521633.0689 5458999.0404
522605.2069 5460028.1634
523577.3447 5461057.2875
524549.4826 5462086.4129
525521.6203 5463115.5394
526493.7580 5464144.6671
527465.8956 5465173.7962
528438.0331 5466202.9266
529410.1705 5467232.0585
530382.3079 5468261.1917
531354.4451 5469290.3265
532326.5823 5470319.4628
533298.7194 5471348.6007
534270.8564 5472377.7402
535242.9933 5473406.8815
536215.1301 5474436.0244
537187.2668 5475465.1691
538159.4034 5476494.3157
539131.5399 5477523.4641
540103.6762 5478552.6145
541075.8125 5479581.7668
542047.9487 5480610.9212
543020.0847 5481640.0776
543992.2206 5482669.2362
544964.3564 5483698.3969
545936.4921 5484727.5598
546908.6276 5485756.7249
547880.7630 5486785.8924
548852.8983 5487815.0622
549825.0334 5488844.2345
550797.1684 5489873.4092
551769.3032 5490902.5863
552741.4379 5491931.7661
553713.5725 5492960.9484
554685.7069 5493990.1334
555657.8411 5495019.3210
556629.9752 5496048.5114
557602.1091 5497077.7046
558574.2429 5498106.9006
559546.3765 5499136.0995
560518.5100 5500165.3013
561490.6432 5501194.5061
562462.7763 5502223.7139
563434.9093 5503252.9248
564407.0420 5504282.1388
565379.1746 5505311.3559
566351.3069 5506340.5763
567323.4391 5507369.8000
568295.5711 5508399.0269
569267.7029 5509428.2573
570239.8346 5510457.4910
571211.9660 5511486.7282
572184.0972 5512515.9688
573156.2282 5513545.2131
574128.3590 5514574.4609
575100.4896 5515603.7124
576072.6200 5516632.9675
577044.7502 5517662.2264
578016.8801 5518691.4891
578989.0099 5519720.7557
579961.1394 5520750.0261
580933.2687 5521779.3004
581905.3978 5522808.5788
582877.5266 5523837.8611
583849.6552 5524867.1475
584821.7835 5525896.4381
585793.9117 5526925.7328
586766.0396 5527955.0318
587738.1672 5528984.3350
588710.2946 5530013.6425
589682.4217 5531042.9544
590654.5486 5532072.2707
591626.6753 5533101.5914
592598.8016 5534130.9167
593570.9277 5535160.2465
594543.0536 5536189.5809
595515.1792 5537218.9200
596487.3045 5538248.2638
597459.4295 5539277.6123
598431.5543 5540306.9656
599403.6788 5541336.3237
600375.8030 5542365.6867
601347.9269 5543395.0547
602320.0506 5544424.4276
603292.1739 5545453.8056
604264.2970 5546483.1887
605236.4198 5547512.5769
606208.5422 5548541.9702
607180.6644 5549571.3688
608152.7863 5550600.7726
609124.9078 5551630.1818
610097.0291 5552659.5964
611069.1500 5553689.0163
612041.2707 5554718.4417
613013.3910 5555747.8726
613985.5110 5556777.3091
614957.6307 5557806.7512
615929.7500 5558836.1989
616901.8690 5559865.6524
617873.9877 5560895.1116
618846.1061 5561924.5766
619818.2241 5562954.0474
620790.3418 5563983.5241
621762.4591 5565013.0068
622734.5761 5566042.4954
623706.6928 5567071.9901
624678.8091 5568101.4909
625650.9250 5569130.9978
626623.0406 5570160.5108
627595.1558 5571190.0301
628567.2707 5572219.5557
629539.3852 5573249.0876
630511.4994 5574278.6259
631483.6131 5575308.1706
632455.7265 5576337.7217
633427.8396 5577367.2794
634399.9522 5578396.8436
635372.0645 5579426.4145
636344.1764 5580455.9920
637316.2879 5581485.5762
638288.3990 5582515.1671
639260.5097 5583544.7649
640232.6200 5584574.3695
641204.7299 5585603.9810
642176.8395 5586633.5994
643148.9486 5587663.2249
644121.0573 5588692.8573
645093.1656 5589722.4969
646065.2735 5590752.1436
647037.3810 5591781.7975
648009.4880 5592811.4586
648981.5947 5593841.1270
649953.7009 5594870.8027
650925.8067 5595900.4858
651897.9121 5596930.1763
652870.0170 5597959.8743
653842.1215 5598989.5798
654814.2256 5600019.2928
655786.3292 5601049.0135
656758.4324 5602078.7419
657730.5351 5603108.4779
658702.6374 5604138.2217
659674.7392 5605167.9733
660646.8406 5606197.7328
661618.9415 5607227.5002
662591.0420 5608257.2755
663563.1420 5609287.0588
664535.2415 5610316.8501
665507.3406 5611346.6496
666479.4392 5612376.4572
667451.5373 5613406.2730
668423.6350 5614436.0970
669395.7321 5615465.9292
670367.8288 5616495.7699
671339.9250 5617525.6189
672312.0207 5618555.4763
673284.1160 5619585.3422
674256.2107 5620615.2166
675228.3049 5621645.0996
676200.3987 5622674.9912
677172.4919 5623704.8915
678144.5846 5624734.8005
679116.6768 5625764.7183
680088.7685 5626794.6448
681060.8597 5627824.5802
682032.9504 5628854.5246
683005.0405 5629884.4778
683977.1302 5630914.4401
684949.2193 5631944.4114
685921.3079 5632974.3919
686893.3959 5634004.3814
687865.4834 5635034.3802
688837.5704 5636064.3882
689809.6568 5637094.4055
690781.7427 5638124.4321
691753.8281 5639154.4681
692725.9129 5640184.5135
693697.9971 5641214.5685
694670.0808 5642244.6329
695642.1640 5643274.7069
696614.2465 5644304.7906
697586.3286 5645334.8839
698558.4100 5646364.9869
699530.4909 5647395.0997
700502.5712 5648425.2223
701474.6509 5649455.3548
702446.7301 5650485.4971
703418.8087 5651515.6495
704390.8867 5652545.8118
705362.9641 5653575.9842
706335.0409 5654606.1667
707307.1171 5655636.3594
708279.1928 5656666.5622
709251.2678 5657696.7753
710223.3422 5658726.9987
711195.4161 5659757.2324
712167.4893 5660787.4765
713139.5619 5661817.7310
714111.6339 5662847.9961
715083.7053 5663878.2716
716055.7761 5664908.5578
717027.8462 5665938.8545
717999.9157 5666969.1620
718971.9846 5667999.4801
719944.0529 5669029.8091
720916.1206 5670060.1488
721888.1876 5671090.4994
722860.2539 5672120.8610
723832.3196 5673151.2335
724804.3847 5674181.6170
725776.4491 5675212.0115
726748.5129 5676242.4172
727720.5761 5677272.8340
728692.6385 5678303.2621
729664.7003 5679333.7013
730636.7615 5680364.1519
731608.8220 5681394.6138
732580.8818 5682425.0871
733552.9409 5683455.5719
734524.9994 5684486.0681
735497.0572 5685516.5759
736469.1143 5686547.0953
737441.1708 5687577.6263
738413.2265 5688608.1690
739385.2816 5689638.7234
740357.3359 5690669.2896
741329.3896 5691699.8676
742301.4426 5692730.4574
743273.4949 5693761.0592
744245.5464 5694791.6730
745217.5973 5695822.2988
746189.6474 5696852.9366
747161.6969 5697883.5866
748133.7456 5698914.2487
749105.7936 5699944.9230
750077.8409 5700975.6096
751049.8875 5702006.3085
752021.9333 5703037.0197
752993.9784 5704067.7433
753966.0228 5705098.4794
754938.0664 5706129.2280
755910.1093 5707159.9891
756882.1515 5708190.7628
757854.1929 5709221.5491
758826.2336 5710252.3482
759798.2735 5711283.1599
760770.3126 5712313.9845
761742.3510 5713344.8219
762714.3887 5714375.6721
763686.4255 5715406.5353
764658.4617 5716437.4114
765630.4970 5717468.3006
766602.5316 5718499.2028
767574.5653 5719530.1182
768546.5984 5720561.0467
769518.6306 5721591.9884
770490.6620 5722622.9434
771462.6927 5723653.9117
772434.7226 5724684.8934
773406.7516 5725715.8885
774378.7799 5726746.8970
775350.8074 5727777.9190
776322.8341 5728808.9546
777294.8600 5729840.0037
778266.8850 5730871.0665
779238.9093 5731902.1430
780210.9327 5732933.2333
781182.9553 5733964.3373
782154.9771 5734995.4551
783126.9981 5736026.5869
784099.0182 5737057.7326
785071.0376 5738088.8922
786043.0560 5739120.0659
787015.0737 5740151.2536
787987.0905 5741182.4555
788959.1065 5742213.6716
789931.1216 5743244.9018
790903.1358 5744276.1464
791875.1493 5745307.4052
792847.1618 5746338.6784
793819.1735 5747369.9661
794791.1844 5748401.2681
795763.1944 5749432.5847
796735.2035 5750463.9159
797707.2117 5751495.2616
798679.2191 5752526.6220
799651.2256 5753557.9971
800623.2312 5754589.3869
801595.2359 5755620.7916
802567.2398 5756652.2110
803539.2427 5757683.6454
804511.2448 5758715.0947
805483.2460 5759746.5590
806455.2463 5760778.0383
807427.2456 5761809.5327
808399.2441 5762841.0423
809371.2417 5763872.5670
810343.2383 5764904.1069
811315.2340 5765935.6621
812287.2289 5766967.2326
813259.2228 5767998.8185
814231.2157 5769030.4199
815203.2078 5770062.0366
816175.1989 5771093.6689
817147.1891 5772125.3168
818119.1784 5773156.9802
819091.1667 5774188.6594
820063.1541 5775220.3542
821035.1405 5776252.0648
822007.1260 5777283.7912
822979.1105 5778315.5334
823951.0941 5779347.2915
824923.0767 5780379.0656
825895.0583 5781410.8556
826867.0390 5782442.6617
827839.0188 5783474.4839
828810.9975 5784506.3223
829782.9753 5785538.1768
830754.9521 5786570.0475
831726.9279 5787601.9345
832698.9028 5788633.8379
833670.8766 5789665.7576
834642.8495 5790697.6938
835614.8214 5791729.6464
836586.7923 5792761.6155
837558.7621 5793793.6012
838530.7310 5794825.6036
839502.6989 5795857.6226
840474.6657 5796889.6583
841446.6316 5797921.7107
842418.5964 5798953.7800
843390.5603 5799985.8661
844362.5231 5801017.9692
845334.4848 5802050.0891
846306.4456 5803082.2261
847278.4053 5804114.3802
848250.3640 5805146.5513
849222.3216 5806178.7396
850194.2782 5807210.9450
851166.2338 5808243.1677
852138.1883 5809275.4077
853110.1418 5810307.6650
854082.0942 5811339.9397
855054.0455 5812372.2319
856025.9958 5813404.5415
856997.9450 5814436.8686
857969.8932 5815469.2134
858941.8403 5816501.5757
859913.7863 5817533.9557
860885.7313 5818566.3535
861857.6751 5819598.7690
862829.6179 5820631.2023
863801.5596 5821663.6535
864773.5002 5822696.1226
865745.4397 5823728.6096
866717.3782 5824761.1147
867689.3155 5825793.6378
868661.2517 5826826.1791
869633.1868 5827858.7384
870605.1208 5828891.3160
871577.0537 5829923.9118
872548.9855 5830956.5259
873520.9161 5831989.1584
874492.8457 5833021.8093
875464.7741 5834054.4786
876436.7013 5835087.1663
877408.6275 5836119.8726
878380.5525 5837152.5976
879352.4764 5838185.3411
880324.3991 5839218.1033
881296.3207 5840250.8842
882268.2411 5841283.6840
883240.1604 5842316.5025
884212.0786 5843349.3399
885183.9955 5844382.1962
886155.9113 5845415.0715
887127.8260 5846447.9659
888099.7395 5847480.8792
889071.6518 5848513.8117
890043.5629 5849546.7634
891015.4728 5850579.7342
891987.3816 5851612.7244
892959.2892 5852645.7338
893931.1956 5853678.7625
894903.1008 5854711.8107
895875.0048 5855744.8783
896846.9076 5856777.9655
897818.8092 5857811.0721
898790.7096 5858844.1984
899762.6088 5859877.3443
900734.5068 5860910.5099
901706.4036 5861943.6952
902678.2991 5862976.9003
903650.1934 5864010.1252
904622.0865 5865043.3700
905593.9784 5866076.6348
906565.8690 5867109.9195
907537.7584 5868143.2243
908509.6466 5869176.5491
909481.5335 5870209.8940
910453.4192 5871243.2591
911425.3036 5872276.6445
912397.1868 5873310.0501
913369.0687 5874343.4760
914340.9494 5875376.9222
915312.8288 5876410.3889
916284.7069 5877443.8761
917256.5837 5878477.3837
918228.4593 5879510.9119
919200.3336 5880544.4607
920172.2066 5881578.0301
921144.0784 5882611.6203
922115.9488 5883645.2312
923087.8180 5884678.8629
924059.6859 5885712.5154
925031.5524 5886746.1888
926003.4177 5887779.8832
926975.2817 5888813.5985
927947.1443 5889847.3349
928919.0057 5890881.0924
929890.8657 5891914.8709
930862.7244 5892948.6707
931834.5818 5893982.4917
932806.4379 5895016.3340
933778.2926 5896050.1976
934750.1460 5897084.0825
935721.9981 5898117.9889
936693.8488 5899151.9168
937665.6982 5900185.8662
938637.5462 5901219.8371
939609.3929 5902253.8296
940581.2383 5903287.8438
941553.0822 5904321.8797
942524.9249 5905355.9374
943496.7661 5906390.0169
944468.6060 5907424.1182
945440.4445 5908458.2414
946412.2817 5909492.3866
947384.1174 5910526.5538
948355.9518 5911560.7430
949327.7848 5912594.9543
950299.6164 5913629.1878
951271.4466 5914663.4434
952243.2754 5915697.7213
953215.1029 5916732.0214
954186.9289 5917766.3439
955158.7535 5918800.6888
956130.5767 5919835.0561
957102.3985 5920869.4459
958074.2189 5921903.8582
959046.0378 5922938.2931
960017.8553 5923972.7506
960989.6714 5925007.2308
961961.4861 5926041.7337
962933.2993 5927076.2593
963905.1111 5928110.8078
964876.9215 5929145.3791
965848.7304 5930179.9734
966820.5378 5931214.5906
967792.3438 5932249.2308
968764.1484 5933283.8941
969735.9515 5934318.5805
970707.7531 5935353.2900
971679.5533 5936388.0227
972651.3519 5937422.7787
973623.1491 5938457.5580
974594.9449 5939492.3606
975566.7391 5940527.1866
976538.5319 5941562.0361
977510.3232 5942596.9090
978482.1129 5943631.8055
979453.9012 5944666.7256
980425.6880 5945701.6693
981397.4733 5946736.6366
982369.2571 5947771.6277
983341.0393 5948806.6426
984312.8201 5949841.6813
985284.5993 5950876.7439
986256.3770 5951911.8304
987228.1532 5952946.9409
988199.9278 5953982.0754
989171.7009 5955017.2340
990143.4725 5956052.4167
991115.2426 5957087.6235
