311654.4410
312626.5285
313598.6165
314570.7050
315542.7940
316514.8836
317486.9737
318459.0643
319431.1554
320403.2470
321375.3392
322347.4318
323319.5250
324291.6186
325263.7128
326235.8074
327207.9026
328179.9982
329152.0943
330124.1909
331096.2880
332068.3855
333040.4836
334012.5821
334984.6811
335956.7805
336928.8804
337900.9808
338873.0816
339845.1829
340817.2846
341789.3868
342761.4895
343733.5925
344705.6961
345677.8000
346649.9044
347622.0092
348594.1145
349566.2202
350538.3263
351510.4328
352482.5398
353454.6472
354426.7550
355398.8632
356370.9718
357343.0808
358315.1902
359287.3000
360259.4102
361231.5208
362203.6318
363175.7432
364147.8550
365119.9671
366092.0797
367064.1926
368036.3059
369008.4195
369980.5336
370952.6480
371924.7627
372896.8778
373868.9933
374841.1091
375813.2253
376785.3419
377757.4588
378729.5760
379701.6936
380673.8115
381645.9297
382618.0483
383590.1672
384562.2864
385534.4060
386506.5259
387478.6461
388450.7666
389422.8874
390395.0086
391367.1300
392339.2518
393311.3738
394283.4962
395255.6189
396227.7418
397199.8650
398171.9886
399144.1124
400116.2365
401088.3609
402060.4855
403032.6105
404004.7357
404976.8612
405948.9869
406921.1129
407893.2392
408865.3657
409837.4925
410809.6196
411781.7469
412753.8744
413726.0022
414698.1302
415670.2585
416642.3870
417614.5157
418586.6447
419558.7739
420530.9033
421503.0329
422475.1628
423447.2929
424419.4232
425391.5537
426363.6844
427335.8153
428307.9465
429280.0778
430252.2093
431224.3410
432196.4730
433168.6051
434140.7374
435112.8698
436085.0025
437057.1353
438029.2684
439001.4016
439973.5349
440945.6685
441917.8022
442889.9360
443862.0700
444834.2042
445806.3385
446778.4730
447750.6077
448722.7424
449694.8774
450667.0124
451639.1476
452611.2830
453583.4184
454555.5540
455527.6898
456499.8256
457471.9616
458444.0977
459416.2339
460388.3702
461360.5067
462332.6432
463304.7799
464276.9166
465249.0535
466221.1904
467193.3274
468165.4646
469137.6018
470109.7391
471081.8765
472054.0140
473026.1515
473998.2892
474970.4269
475942.5647
476914.7025
477886.8404
478858.9784
479831.1164
480803.2545
481775.3926
482747.5308
483719.6690
484691.8073
485663.9457
486636.0840
487608.2224
488580.3609
489552.4993
490524.6378
491496.7764
492468.9149
493441.0535
494413.1921
495385.3307
496357.4693
497329.6079
498301.7465
499273.8852
500246.0238
501218.1625
502190.3011
503162.4397
504134.5784
505106.7170
506078.8556
507050.9941
508023.1327
508995.2712
509967.4098
510939.5482
511911.6867
512883.8251
513855.9635
514828.1018
515800.2401
516772.3784
517744.5166
518716.6548
519688.7929
520660.9309
521633.0689
522605.2069
523577.3447
524549.4826
525521.6203
526493.7580
527465.8956
528438.0331
529410.1705
530382.3079
531354.4451
532326.5823
533298.7194
534270.8564
535242.9933
536215.1301
537187.2668
538159.4034
539131.5399
540103.6762
541075.8125
542047.9487
543020.0847
543992.2206
544964.3564
545936.4921
546908.6276
547880.7630
548852.8983
549825.0334
550797.1684
551769.3032
552741.4379
553713.5725
554685.7069
555657.8411
556629.9752
557602.1091
558574.2429
559546.3765
560518.5100
561490.6432
562462.7763
563434.9093
564407.0420
565379.1746
566351.3069
567323.4391
568295.5711
569267.7029
570239.8346
571211.9660
572184.0972
573156.2282
574128.3590
575100.4896
576072.6200
577044.7502
578016.8801
578989.0099
579961.1394
580933.2687
581905.3978
582877.5266
583849.6552
584821.7835
585793.9117
586766.0396
587738.1672
588710.2946
589682.4217
590654.5486
591626.6753
592598.8016
593570.9277
594543.0536
595515.1792
596487.3045
597459.4295
598431.5543
599403.6788
600375.8030
601347.9269
602320.0506
603292.1739
604264.2970
605236.4198
606208.5422
607180.6644
608152.7863
609124.9078
610097.0291
611069.1500
612041.2707
613013.3910
613985.5110
614957.6307
615929.7500
616901.8690
617873.9877
618846.1061
619818.2241
620790.3418
621762.4591
622734.5761
623706.6928
624678.8091
625650.9250
626623.0406
627595.1558
628567.2707
629539.3852
630511.4994
631483.6131
632455.7265
633427.8396
634399.9522
635372.0645
636344.1764
637316.2879
638288.3990
639260.5097
640232.6200
641204.7299
642176.8395
643148.9486
644121.0573
645093.1656
646065.2735
647037.3810
648009.4880
648981.5947
649953.7009
650925.8067
651897.9121
652870.0170
653842.1215
654814.2256
655786.3292
656758.4324
657730.5351
658702.6374
659674.7392
660646.8406
661618.9415
662591.0420
663563.1420
664535.2415
665507.3406
666479.4392
667451.5373
668423.6350
669395.7321
670367.8288
671339.9250
672312.0207
673284.1160
674256.2107
675228.3049
676200.3987
677172.4919
678144.5846
679116.6768
680088.7685
681060.8597
682032.9504
683005.0405
683977.1302
684949.2193
685921.3079
686893.3959
687865.4834
688837.5704
689809.6568
690781.7427
691753.8281
692725.9129
693697.9971
694670.0808
695642.1640
696614.2465
697586.3286
698558.4100
699530.4909
700502.5712
701474.6509
702446.7301
703418.8087
704390.8867
705362.9641
706335.0409
707307.1171
708279.1928
709251.2678
710223.3422
711195.4161
712167.4893
713139.5619
714111.6339
715083.7053
716055.7761
717027.8462
717999.9157
718971.9846
719944.0529
720916.1206
721888.1876
722860.2539
723832.3196
724804.3847
725776.4491
726748.5129
727720.5761
728692.6385
729664.7003
730636.7615
731608.8220
732580.8818
733552.9409
734524.9994
735497.0572
736469.1143
737441.1708
738413.2265
739385.2816
740357.3359
741329.3896
742301.4426
743273.4949
744245.5464
745217.5973
746189.6474
747161.6969
748133.7456
749105.7936
750077.8409
751049.8875
752021.9333
752993.9784
753966.0228
754938.0664
755910.1093
756882.1515
757854.1929
758826.2336
759798.2735
760770.3126
761742.3510
762714.3887
763686.4255
764658.4617
765630.4970
766602.5316
767574.5653
768546.5984
769518.6306
770490.6620
771462.6927
772434.7226
773406.7516
774378.7799
775350.8074
776322.8341
777294.8600
778266.8850
779238.9093
780210.9327
781182.9553
782154.9771
783126.9981
784099.0182
785071.0376
786043.0560
787015.0737
787987.0905
788959.1065
789931.1216
790903.1358
791875.1493
792847.1618
793819.1735
794791.1844
795763.1944
796735.2035
797707.2117
798679.2191
799651.2256
800623.2312
801595.2359
802567.2398
803539.2427
804511.2448
805483.2460
806455.2463
807427.2456
808399.2441
809371.2417
810343.2383
811315.2340
812287.2289
813259.2228
814231.2157
815203.2078
816175.1989
817147.1891
818119.1784
819091.1667
820063.1541
821035.1405
822007.1260
822979.1105
823951.0941
824923.0767
825895.0583
826867.0390
827839.0188
828810.9975
829782.9753
830754.9521
831726.9279
832698.9028
833670.8766
834642.8495
835614.8214
836586.7923
837558.7621
838530.7310
839502.6989
840474.6657
841446.6316
842418.5964
843390.5603
844362.5231
845334.4848
846306.4456
847278.4053
848250.3640
849222.3216
850194.2782
851166.2338
852138.1883
853110.1418
854082.0942
855054.0455
856025.9958
856997.9450
857969.8932
858941.8403
859913.7863
860885.7313
861857.6751
862829.6179
863801.5596
864773.5002
865745.4397
866717.3782
867689.3155
868661.2517
869633.1868
870605.1208
871577.0537
872548.9855
873520.9161
874492.8457
875464.7741
876436.7013
877408.6275
878380.5525
879352.4764
880324.3991
881296.3207
882268.2411
883240.1604
884212.0786
885183.9955
886155.9113
887127.8260
888099.7395
889071.6518
890043.5629
891015.4728
891987.3816
892959.2892
893931.1956
894903.1008
895875.0048
896846.9076
897818.8092
898790.7096
899762.6088
900734.5068
901706.4036
902678.2991
903650.1934
904622.0865
905593.9784
906565.8690
907537.7584
908509.6466
909481.5335
910453.4192
911425.3036
912397.1868
913369.0687
914340.9494
915312.8288
916284.7069
917256.5837
918228.4593
919200.3336
920172.2066
921144.0784
922115.9488
923087.8180
924059.6859
925031.5524
926003.4177
926975.2817
927947.1443
928919.0057
929890.8657
930862.7244
931834.5818
932806.4379
933778.2926
934750.1460
935721.9981
936693.8488
937665.6982
938637.5462
939609.3929
940581.2383
941553.0822
942524.9249
943496.7661
944468.6060
945440.4445
946412.2817
947384.1174
948355.9518
949327.7848
950299.6164
951271.4466
952243.2754
953215.1029
954186.9289
955158.7535
956130.5767
957102.3985
958074.2189
959046.0378
960017.8553
960989.6714
961961.4861
962933.2993
963905.1111
964876.9215
965848.7304
966820.5378
967792.3438
968764.1484
969735.9515
970707.7531
971679.5533
972651.3519
973623.1491
974594.9449
975566.7391
976538.5319
977510.3232
978482.1129
979453.9012
980425.6880
981397.4733
982369.2571
983341.0393
984312.8201
985284.5993
986256.3770
987228.1532
988199.9278
989171.7009
990143.4725
991115.2426
