-50000.0000
-48998.5694
-47997.1388
-46995.7082
-45994.2775
-44992.8469
-43991.4163
-42989.9857
-41988.5551
-40987.1245
-39985.6938
-38984.2632
-37982.8326
-36981.4020
-35979.9714
-34978.5408
-33977.1102
-32975.6795
-31974.2489
-30972.8183
-29971.3877
-28969.9571
-27968.5265
-26967.0959
-25965.6652
-24964.2346
-23962.8040
-22961.3734
-21959.9428
-20958.5122
-19957.0815
-18955.6509
-17954.2203
-16952.7897
-15951.3591
-14949.9285
-13948.4979
-12947.0672
-11945.6366
-10944.2060
-9942.7754
-8941.3448
-7939.9142
-6938.4835
-5937.0529
-4935.6223
-3934.1917
-2932.7611
-1931.3305
-929.8999
71.5308
1072.9614
2074.3920
3075.8226
4077.2532
5078.6838
6080.1144
7081.5451
8082.9757
9084.4063
10085.8369
11087.2675
12088.6981
13090.1288
14091.5594
15092.9900
16094.4206
17095.8512
18097.2818
19098.7124
20100.1431
21101.5737
22103.0043
23104.4349
24105.8655
25107.2961
26108.7268
27110.1574
28111.5880
29113.0186
30114.4492
31115.8798
32117.3104
33118.7411
34120.1717
35121.6023
36123.0329
37124.4635
38125.8941
39127.3247
40128.7554
41130.1860
42131.6166
43133.0472
44134.4778
45135.9084
46137.3391
47138.7697
48140.2003
49141.6309
50143.0615
51144.4921
52145.9227
53147.3534
54148.7840
55150.2146
56151.6452
57153.0758
58154.5064
59155.9371
60157.3677
61158.7983
62160.2289
63161.6595
64163.0901
65164.5207
66165.9514
67167.3820
68168.8126
69170.2432
70171.6738
71173.1044
72174.5351
73175.9657
74177.3963
75178.8269
76180.2575
77181.6881
78183.1187
79184.5494
80185.9800
81187.4106
82188.8412
83190.2718
84191.7024
85193.1330
86194.5637
87195.9943
88197.4249
89198.8555
90200.2861
91201.7167
92203.1474
93204.5780
94206.0086
95207.4392
96208.8698
97210.3004
98211.7310
99213.1617
100214.5923
101216.0229
102217.4535
103218.8841
104220.3147
105221.7454
106223.1760
107224.6066
108226.0372
109227.4678
110228.8984
111230.3290
112231.7597
113233.1903
114234.6209
115236.0515
116237.4821
117238.9127
118240.3433
119241.7740
120243.2046
121244.6352
122246.0658
123247.4964
124248.9270
125250.3577
126251.7883
127253.2189
128254.6495
129256.0801
130257.5107
131258.9413
132260.3720
133261.8026
134263.2332
135264.6638
136266.0944
137267.5250
138268.9557
139270.3863
140271.8169
141273.2475
142274.6781
143276.1087
144277.5393
145278.9700
146280.4006
147281.8312
148283.2618
149284.6924
150286.1230
151287.5536
152288.9843
153290.4149
154291.8455
155293.2761
156294.7067
157296.1373
158297.5680
159298.9986
160300.4292
161301.8598
162303.2904
163304.7210
164306.1516
165307.5823
166309.0129
167310.4435
168311.8741
169313.3047
170314.7353
171316.1660
172317.5966
173319.0272
174320.4578
175321.8884
176323.3190
177324.7496
178326.1803
179327.6109
180329.0415
181330.4721
182331.9027
183333.3333
184334.7639
185336.1946
186337.6252
187339.0558
188340.4864
189341.9170
190343.3476
191344.7783
192346.2089
193347.6395
194349.0701
195350.5007
196351.9313
197353.3619
198354.7926
199356.2232
200357.6538
201359.0844
202360.5150
203361.9456
204363.3763
205364.8069
206366.2375
207367.6681
208369.0987
209370.5293
210371.9599
211373.3906
212374.8212
213376.2518
214377.6824
215379.1130
216380.5436
217381.9742
218383.4049
219384.8355
220386.2661
221387.6967
222389.1273
223390.5579
224391.9886
225393.4192
226394.8498
227396.2804
228397.7110
229399.1416
230400.5722
231402.0029
232403.4335
233404.8641
234406.2947
235407.7253
236409.1559
237410.5866
238412.0172
239413.4478
240414.8784
241416.3090
242417.7396
243419.1702
244420.6009
245422.0315
246423.4621
247424.8927
248426.3233
249427.7539
250429.1845
251430.6152
252432.0458
253433.4764
254434.9070
255436.3376
256437.7682
257439.1989
258440.6295
259442.0601
260443.4907
261444.9213
262446.3519
263447.7825
264449.2132
265450.6438
266452.0744
267453.5050
268454.9356
269456.3662
270457.7969
271459.2275
272460.6581
273462.0887
274463.5193
275464.9499
276466.3805
277467.8112
278469.2418
279470.6724
280472.1030
281473.5336
282474.9642
283476.3948
284477.8255
285479.2561
286480.6867
287482.1173
288483.5479
289484.9785
290486.4092
291487.8398
292489.2704
293490.7010
294492.1316
295493.5622
296494.9928
297496.4235
298497.8541
299499.2847
300500.7153
301502.1459
302503.5765
303505.0072
304506.4378
305507.8684
306509.2990
307510.7296
308512.1602
309513.5908
310515.0215
311516.4521
312517.8827
313519.3133
314520.7439
315522.1745
316523.6052
317525.0358
318526.4664
319527.8970
320529.3276
321530.7582
322532.1888
323533.6195
324535.0501
325536.4807
326537.9113
327539.3419
328540.7725
329542.2031
330543.6338
331545.0644
332546.4950
333547.9256
334549.3562
335550.7868
336552.2175
337553.6481
338555.0787
339556.5093
340557.9399
341559.3705
342560.8011
343562.2318
344563.6624
345565.0930
346566.5236
347567.9542
348569.3848
349570.8155
350572.2461
351573.6767
352575.1073
353576.5379
354577.9685
355579.3991
356580.8298
357582.2604
358583.6910
359585.1216
360586.5522
361587.9828
362589.4134
363590.8441
364592.2747
365593.7053
366595.1359
367596.5665
368597.9971
369599.4278
370600.8584
371602.2890
372603.7196
373605.1502
374606.5808
375608.0114
376609.4421
377610.8727
378612.3033
379613.7339
380615.1645
381616.5951
382618.0258
383619.4564
384620.8870
385622.3176
386623.7482
387625.1788
388626.6094
389628.0401
390629.4707
391630.9013
392632.3319
393633.7625
394635.1931
395636.6237
396638.0544
397639.4850
398640.9156
399642.3462
400643.7768
401645.2074
402646.6381
403648.0687
404649.4993
405650.9299
406652.3605
407653.7911
408655.2217
409656.6524
410658.0830
411659.5136
412660.9442
413662.3748
414663.8054
415665.2361
416666.6667
417668.0973
418669.5279
419670.9585
420672.3891
421673.8197
422675.2504
423676.6810
424678.1116
425679.5422
426680.9728
427682.4034
428683.8340
429685.2647
430686.6953
431688.1259
432689.5565
433690.9871
434692.4177
435693.8484
436695.2790
437696.7096
438698.1402
439699.5708
440701.0014
441702.4320
442703.8627
443705.2933
444706.7239
445708.1545
446709.5851
447711.0157
448712.4464
449713.8770
450715.3076
451716.7382
452718.1688
453719.5994
454721.0300
455722.4607
456723.8913
457725.3219
458726.7525
459728.1831
460729.6137
461731.0443
462732.4750
463733.9056
464735.3362
465736.7668
466738.1974
467739.6280
468741.0587
469742.4893
470743.9199
471745.3505
472746.7811
473748.2117
474749.6423
475751.0730
476752.5036
477753.9342
478755.3648
479756.7954
480758.2260
481759.6567
482761.0873
483762.5179
484763.9485
485765.3791
486766.8097
487768.2403
488769.6710
489771.1016
490772.5322
491773.9628
492775.3934
493776.8240
494778.2546
495779.6853
496781.1159
497782.5465
498783.9771
499785.4077
500786.8383
501788.2690
502789.6996
503791.1302
504792.5608
505793.9914
506795.4220
507796.8526
508798.2833
509799.7139
510801.1445
511802.5751
512804.0057
513805.4363
514806.8670
515808.2976
516809.7282
517811.1588
518812.5894
519814.0200
520815.4506
521816.8813
522818.3119
523819.7425
524821.1731
525822.6037
526824.0343
527825.4649
528826.8956
529828.3262
530829.7568
531831.1874
532832.6180
533834.0486
534835.4793
535836.9099
536838.3405
537839.7711
538841.2017
539842.6323
540844.0629
541845.4936
542846.9242
543848.3548
544849.7854
545851.2160
546852.6466
547854.0773
548855.5079
549856.9385
550858.3691
551859.7997
552861.2303
553862.6609
554864.0916
555865.5222
556866.9528
557868.3834
558869.8140
559871.2446
560872.6753
561874.1059
562875.5365
563876.9671
564878.3977
565879.8283
566881.2589
567882.6896
568884.1202
569885.5508
570886.9814
571888.4120
572889.8426
573891.2732
574892.7039
575894.1345
576895.5651
577896.9957
578898.4263
579899.8569
580901.2876
581902.7182
582904.1488
583905.5794
584907.0100
585908.4406
586909.8712
587911.3019
588912.7325
589914.1631
590915.5937
591917.0243
592918.4549
593919.8856
594921.3162
595922.7468
596924.1774
597925.6080
598927.0386
599928.4692
600929.8999
601931.3305
602932.7611
603934.1917
604935.6223
605937.0529
606938.4835
607939.9142
608941.3448
609942.7754
610944.2060
611945.6366
612947.0672
613948.4979
614949.9285
615951.3591
616952.7897
617954.2203
618955.6509
619957.0815
620958.5122
621959.9428
622961.3734
623962.8040
624964.2346
625965.6652
626967.0959
627968.5265
628969.9571
629971.3877
630972.8183
631974.2489
632975.6795
633977.1102
634978.5408
635979.9714
636981.4020
637982.8326
638984.2632
639985.6938
640987.1245
641988.5551
642989.9857
643991.4163
644992.8469
645994.2775
646995.7082
647997.1388
648998.5694
650000.0000
