5350000.0000
5351001.4306
5352002.8612
5353004.2918
5354005.7225
5355007.1531
5356008.5837
5357010.0143
5358011.4449
5359012.8755
5360014.3062
5361015.7368
5362017.1674
5363018.5980
5364020.0286
5365021.4592
5366022.8898
5367024.3205
5368025.7511
5369027.1817
5370028.6123
5371030.0429
5372031.4735
5373032.9041
5374034.3348
5375035.7654
5376037.1960
5377038.6266
5378040.0572
5379041.4878
5380042.9185
5381044.3491
5382045.7797
5383047.2103
5384048.6409
5385050.0715
5386051.5021
5387052.9328
5388054.3634
5389055.7940
5390057.2246
5391058.6552
5392060.0858
5393061.5165
5394062.9471
5395064.3777
5396065.8083
5397067.2389
5398068.6695
5399070.1001
5400071.5308
5401072.9614
5402074.3920
5403075.8226
5404077.2532
5405078.6838
5406080.1144
5407081.5451
5408082.9757
5409084.4063
5410085.8369
5411087.2675
5412088.6981
5413090.1288
5414091.5594
5415092.9900
5416094.4206
5417095.8512
5418097.2818
5419098.7124
5420100.1431
5421101.5737
5422103.0043
5423104.4349
5424105.8655
5425107.2961
5426108.7268
5427110.1574
5428111.5880
5429113.0186
5430114.4492
5431115.8798
5432117.3104
5433118.7411
5434120.1717
5435121.6023
5436123.0329
5437124.4635
5438125.8941
5439127.3247
5440128.7554
5441130.1860
5442131.6166
5443133.0472
5444134.4778
5445135.9084
5446137.3391
5447138.7697
5448140.2003
5449141.6309
5450143.0615
5451144.4921
5452145.9227
5453147.3534
5454148.7840
5455150.2146
5456151.6452
5457153.0758
5458154.5064
5459155.9371
5460157.3677
5461158.7983
5462160.2289
5463161.6595
5464163.0901
5465164.5207
5466165.9514
5467167.3820
5468168.8126
5469170.2432
5470171.6738
5471173.1044
5472174.5351
5473175.9657
5474177.3963
5475178.8269
5476180.2575
5477181.6881
5478183.1187
5479184.5494
5480185.9800
5481187.4106
5482188.8412
5483190.2718
5484191.7024
5485193.1330
5486194.5637
5487195.9943
5488197.4249
5489198.8555
5490200.2861
5491201.7167
5492203.1474
5493204.5780
5494206.0086
5495207.4392
5496208.8698
5497210.3004
5498211.7310
5499213.1617
5500214.5923
5501216.0229
5502217.4535
5503218.8841
5504220.3147
5505221.7454
5506223.1760
5507224.6066
5508226.0372
5509227.4678
5510228.8984
5511230.3290
5512231.7597
5513233.1903
5514234.6209
5515236.0515
5516237.4821
5517238.9127
5518240.3433
5519241.7740
5520243.2046
5521244.6352
5522246.0658
5523247.4964
5524248.9270
5525250.3577
5526251.7883
5527253.2189
5528254.6495
5529256.0801
5530257.5107
5531258.9413
5532260.3720
5533261.8026
5534263.2332
5535264.6638
5536266.0944
5537267.5250
5538268.9557
5539270.3863
5540271.8169
5541273.2475
5542274.6781
5543276.1087
5544277.5393
5545278.9700
5546280.4006
5547281.8312
5548283.2618
5549284.6924
5550286.1230
5551287.5536
5552288.9843
5553290.4149
5554291.8455
5555293.2761
5556294.7067
5557296.1373
5558297.5680
5559298.9986
5560300.4292
5561301.8598
5562303.2904
5563304.7210
5564306.1516
5565307.5823
5566309.0129
5567310.4435
5568311.8741
5569313.3047
5570314.7353
5571316.1660
5572317.5966
5573319.0272
5574320.4578
5575321.8884
5576323.3190
5577324.7496
5578326.1803
5579327.6109
5580329.0415
5581330.4721
5582331.9027
5583333.3333
5584334.7639
5585336.1946
5586337.6252
5587339.0558
5588340.4864
5589341.9170
5590343.3476
5591344.7783
5592346.2089
5593347.6395
5594349.0701
5595350.5007
5596351.9313
5597353.3619
5598354.7926
5599356.2232
5600357.6538
5601359.0844
5602360.5150
5603361.9456
5604363.3763
5605364.8069
5606366.2375
5607367.6681
5608369.0987
5609370.5293
5610371.9599
5611373.3906
5612374.8212
5613376.2518
5614377.6824
5615379.1130
5616380.5436
5617381.9742
5618383.4049
5619384.8355
5620386.2661
5621387.6967
5622389.1273
5623390.5579
5624391.9886
5625393.4192
5626394.8498
5627396.2804
5628397.7110
5629399.1416
5630400.5722
5631402.0029
5632403.4335
5633404.8641
5634406.2947
5635407.7253
5636409.1559
5637410.5866
5638412.0172
5639413.4478
5640414.8784
5641416.3090
5642417.7396
5643419.1702
5644420.6009
5645422.0315
5646423.4621
5647424.8927
5648426.3233
5649427.7539
5650429.1845
5651430.6152
5652432.0458
5653433.4764
5654434.9070
5655436.3376
5656437.7682
5657439.1989
5658440.6295
5659442.0601
5660443.4907
5661444.9213
5662446.3519
5663447.7825
5664449.2132
5665450.6438
5666452.0744
5667453.5050
5668454.9356
5669456.3662
5670457.7969
5671459.2275
5672460.6581
5673462.0887
5674463.5193
5675464.9499
5676466.3805
5677467.8112
5678469.2418
5679470.6724
5680472.1030
5681473.5336
5682474.9642
5683476.3948
5684477.8255
5685479.2561
5686480.6867
5687482.1173
5688483.5479
5689484.9785
5690486.4092
5691487.8398
5692489.2704
5693490.7010
5694492.1316
5695493.5622
5696494.9928
5697496.4235
5698497.8541
5699499.2847
5700500.7153
5701502.1459
5702503.5765
5703505.0072
5704506.4378
5705507.8684
5706509.2990
5707510.7296
5708512.1602
5709513.5908
5710515.0215
5711516.4521
5712517.8827
5713519.3133
5714520.7439
5715522.1745
5716523.6052
5717525.0358
5718526.4664
5719527.8970
5720529.3276
5721530.7582
5722532.1888
5723533.6195
5724535.0501
5725536.4807
5726537.9113
5727539.3419
5728540.7725
5729542.2031
5730543.6338
5731545.0644
5732546.4950
5733547.9256
5734549.3562
5735550.7868
5736552.2175
5737553.6481
5738555.0787
5739556.5093
5740557.9399
5741559.3705
5742560.8011
5743562.2318
5744563.6624
5745565.0930
5746566.5236
5747567.9542
5748569.3848
5749570.8155
5750572.2461
5751573.6767
5752575.1073
5753576.5379
5754577.9685
5755579.3991
5756580.8298
5757582.2604
5758583.6910
5759585.1216
5760586.5522
5761587.9828
5762589.4134
5763590.8441
5764592.2747
5765593.7053
5766595.1359
5767596.5665
5768597.9971
5769599.4278
5770600.8584
5771602.2890
5772603.7196
5773605.1502
5774606.5808
5775608.0114
5776609.4421
5777610.8727
5778612.3033
5779613.7339
5780615.1645
5781616.5951
5782618.0258
5783619.4564
5784620.8870
5785622.3176
5786623.7482
5787625.1788
5788626.6094
5789628.0401
5790629.4707
5791630.9013
5792632.3319
5793633.7625
5794635.1931
5795636.6237
5796638.0544
5797639.4850
5798640.9156
5799642.3462
5800643.7768
5801645.2074
5802646.6381
5803648.0687
5804649.4993
5805650.9299
5806652.3605
5807653.7911
5808655.2217
5809656.6524
5810658.0830
5811659.5136
5812660.9442
5813662.3748
5814663.8054
5815665.2361
5816666.6667
5817668.0973
5818669.5279
5819670.9585
5820672.3891
5821673.8197
5822675.2504
5823676.6810
5824678.1116
5825679.5422
5826680.9728
5827682.4034
5828683.8340
5829685.2647
5830686.6953
5831688.1259
5832689.5565
5833690.9871
5834692.4177
5835693.8484
5836695.2790
5837696.7096
5838698.1402
5839699.5708
5840701.0014
5841702.4320
5842703.8627
5843705.2933
5844706.7239
5845708.1545
5846709.5851
5847711.0157
5848712.4464
5849713.8770
5850715.3076
5851716.7382
5852718.1688
5853719.5994
5854721.0300
5855722.4607
5856723.8913
5857725.3219
5858726.7525
5859728.1831
5860729.6137
5861731.0443
5862732.4750
5863733.9056
5864735.3362
5865736.7668
5866738.1974
5867739.6280
5868741.0587
5869742.4893
5870743.9199
5871745.3505
5872746.7811
5873748.2117
5874749.6423
5875751.0730
5876752.5036
5877753.9342
5878755.3648
5879756.7954
5880758.2260
5881759.6567
5882761.0873
5883762.5179
5884763.9485
5885765.3791
5886766.8097
5887768.2403
5888769.6710
5889771.1016
5890772.5322
5891773.9628
5892775.3934
5893776.8240
5894778.2546
5895779.6853
5896781.1159
5897782.5465
5898783.9771
5899785.4077
5900786.8383
5901788.2690
5902789.6996
5903791.1302
5904792.5608
5905793.9914
5906795.4220
5907796.8526
5908798.2833
5909799.7139
5910801.1445
5911802.5751
5912804.0057
5913805.4363
5914806.8670
5915808.2976
5916809.7282
5917811.1588
5918812.5894
5919814.0200
5920815.4506
5921816.8813
5922818.3119
5923819.7425
5924821.1731
5925822.6037
5926824.0343
5927825.4649
5928826.8956
5929828.3262
5930829.7568
5931831.1874
5932832.6180
5933834.0486
5934835.4793
5935836.9099
5936838.3405
5937839.7711
5938841.2017
5939842.6323
5940844.0629
5941845.4936
5942846.9242
5943848.3548
5944849.7854
5945851.2160
5946852.6466
5947854.0773
5948855.5079
5949856.9385
5950858.3691
5951859.7997
5952861.2303
5953862.6609
5954864.0916
5955865.5222
5956866.9528
5957868.3834
5958869.8140
5959871.2446
5960872.6753
5961874.1059
5962875.5365
5963876.9671
5964878.3977
5965879.8283
5966881.2589
5967882.6896
5968884.1202
5969885.5508
5970886.9814
5971888.4120
5972889.8426
5973891.2732
5974892.7039
5975894.1345
5976895.5651
5977896.9957
5978898.4263
5979899.8569
5980901.2876
5981902.7182
5982904.1488
5983905.5794
5984907.0100
5985908.4406
5986909.8712
5987911.3019
5988912.7325
5989914.1631
5990915.5937
5991917.0243
5992918.4549
5993919.8856
5994921.3162
5995922.7468
5996924.1774
5997925.6080
5998927.0386
5999928.4692
6000929.8999
6001931.3305
6002932.7611
6003934.1917
6004935.6223
6005937.0529
6006938.4835
6007939.9142
6008941.3448
6009942.7754
6010944.2060
6011945.6366
6012947.0672
6013948.4979
6014949.9285
6015951.3591
6016952.7897
6017954.2203
6018955.6509
6019957.0815
6020958.5122
6021959.9428
6022961.3734
6023962.8040
6024964.2346
6025965.6652
6026967.0959
6027968.5265
6028969.9571
6029971.3877
6030972.8183
6031974.2489
6032975.6795
6033977.1102
6034978.5408
6035979.9714
6036981.4020
6037982.8326
6038984.2632
6039985.6938
6040987.1245
6041988.5551
6042989.9857
6043991.4163
6044992.8469
6045994.2775
6046995.7082
6047997.1388
6048998.5694
6050000.0000
